copperMines\positive\1653238741.952664.jpg 3 413 410 84 58 206 320 80 47 732 181 96 43
copperMines\positive\1653238754.589751.jpg 1 891 497 119 87
copperMines\positive\1653238777.7336051.jpg 2 815 376 96 72 1192 361 81 60
copperMines\positive\1653238787.7250261.jpg 1 901 533 134 109
copperMines\positive\1653238790.569586.jpg 3 1104 268 74 49 842 165 51 42 448 320 76 69
copperMines\positive\1653238796.151073.jpg 2 424 627 154 116 248 259 59 48
copperMines\positive\1653238799.687552.jpg 1 781 305 78 60
copperMines\positive\1653238842.5558355.jpg 1 254 171 65 42
copperMines\positive\1653238932.7206907.jpg 1 348 331 173 147
copperMines\positive\1653238942.1154237.jpg 2 442 417 76 50 891 377 72 37
copperMines\positive\1653238945.6211524.jpg 2 311 320 108 94 837 143 81 63
copperMines\positive\1653238948.5118413.jpg 2 931 277 106 63 306 392 140 110
copperMines\positive\1653238951.863807.jpg 1 654 216 105 86
copperMines\positive\1653238953.4782867.jpg 2 542 193 80 64 540 676 130 95
